10 80	9 4		0.871 0.192 0.247
20 80	9 4		0.871 0.192 0.247
30 80	9 4		0.871 0.192 0.247
40 80	9 4		0.871 0.192 0.247
50 80	9 4		0.871 0.192 0.247
60 80	9 4		0.871 0.192 0.247
70 80	9 4		0.871 0.192 0.247
80 80	9 4		0.871 0.192 0.247

05 75	9 4		0.749 0.149 0.020
15 75	9 4		0.749 0.149 0.020
25 75	9 4		0.749 0.149 0.020
35 75	9 4		0.749 0.149 0.020
45 75	9 4		0.749 0.149 0.020
55 75	9 4		0.749 0.149 0.020
65 75	9 4		0.749 0.149 0.020
75 75	9 4		0.749 0.149 0.020
85 75	9 4		0.749 0.149 0.020

10 70	9 4		0.871 0.192 0.247
20 70	9 4		0.871 0.192 0.247
30 70	9 4		0.871 0.192 0.247
40 70	9 4		0.871 0.192 0.247
50 70	9 4		0.871 0.192 0.247
60 70	9 4		0.871 0.192 0.247
70 70	9 4		0.871 0.192 0.247
80 70	9 4		0.871 0.192 0.247

05 65	9 4		0.749 0.149 0.020
15 65	9 4		0.749 0.149 0.020
25 65	9 4		0.749 0.149 0.020
35 65	9 4		0.749 0.149 0.020
45 65	9 4		0.749 0.149 0.020
55 65	9 4		0.749 0.149 0.020
65 65	9 4		0.749 0.149 0.020
75 65	9 4		0.749 0.149 0.020
85 65	9 4		0.749 0.149 0.020

10 60	9 4		0.871 0.192 0.247
20 60	9 4		0.871 0.192 0.247
30 60	9 4		0.871 0.192 0.247
40 60	9 4		0.871 0.192 0.247
50 60	9 4		0.871 0.192 0.247
60 60	9 4		0.871 0.192 0.247
70 60	9 4		0.871 0.192 0.247
80 60	9 4		0.871 0.192 0.247
